# Fix print output for fix def1
0.00100000000000112 0.102194086814896 0.0433048325624077 0.0557425911651037
0.00200000000000137 0.0964092525223397 -0.0346231665623581 -0.0393337467214794
0.00300000000000126 0.19710238512303 0.0294671563259325 0.00127507956401581
0.00400000000000116 0.261691421623571 0.0107601851189713 -0.00848729330998569
0.00500000000000105 0.301005994208318 -0.0308937269890173 0.00497440206998898
0.0060000000000013 0.394102467749895 0.025331017108915 0.0113157275243327
0.0070000000000012 0.455347384730822 -0.013383506325469 0.00154532727414934
0.00800000000000109 0.49763324251212 0.0122781057674052 -0.00320991914032713
0.00900000000000134 0.527973529499229 -0.0221766844623591 -0.00991398537721269
0.0100000000000012 0.645954777942131 0.0355875837029311 0.0275736578958755
0.0110000000000011 0.687547761263752 0.0170637478229629 -0.0294418118623597
0.0120000000000014 0.758036468181233 0.0102252962882949 0.00715550114398499
0.0130000000000013 0.82903758495406 -0.00223749291432952 0.0223792916568934
0.0140000000000012 0.883747465019731 -0.0135670512980496 -0.000840614478566547
0.0150000000000014 0.956551292154525 0.0304249693492883 -0.0118014207080323
0.0160000000000013 1.02497769184247 0.0185549565510394 -0.0332766832401078
0.0170000000000012 1.05299386501087 0.020086089363749 0.0149715889812776
0.0180000000000011 1.11645362043179 -0.0146305675695392 -0.00446354142207955
0.0190000000000014 1.21829667432783 0.0234113146772958 0.018852436227118
0.0200000000000012 1.23697625152081 0.0115577879689375 -0.0309686433624245
0.0210000000000011 1.33177354781614 0.00895919038342515 -0.0285716650833569
0.0220000000000014 1.39664045645962 0.00499498299046092 0.0113067868386559
0.0230000000000013 1.4409189486069 -0.0219913035013013 -0.00414402760401339
0.0240000000000012 1.51646082055324 0.00942537034134485 0.0263996619870184
0.0250000000000011 1.55115811856955 0.0119544617491254 -0.0361954860228668
0.0260000000000013 1.6541637565898 0.054150245282158 0.0133524218457691
0.0270000000000012 1.68406077599127 -0.0304823885002764 -0.0226615011342911
0.0280000000000011 1.79032255131976 0.0214433691742006 0.0051667421128414
0.0290000000000014 1.83182546293284 -0.00457140324222988 0.00865447137247587
0.0300000000000013 1.87328752670613 -0.00626531108071493 -0.0317522276245269
0.0310000000000012 1.96206495093209 0.0263237276550456 0.0345808177881376
0.0320000000000014 1.99940727995952 -0.0325467175463954 -0.0423357802769016
0.0330000000000013 2.11477042227004 0.00447869706435618 0.0200037261896598
0.0340000000000012 2.15632988124155 -0.0418521820523275 0.0119784440953453
0.0350000000000014 2.1642783051684 0.0144359873846094 -0.00701645030684938
0.0360000000000013 2.28065923966634 0.0231168863731196 -0.0124373225904131
0.0370000000000012 2.31566885709261 -0.0176682348804889 -0.0244615784476667
0.0380000000000011 2.36708032499944 -0.0340649702551633 0.0275587597911426
0.0390000000000014 2.43291571990149 -0.0220008536956384 0.0446931637626455
0.0400000000000013 2.50870848532312 -0.0196589248189634 -0.00771740082775108
0.0410000000000012 2.57738523239958 0.0141242571096871 0.02257200202429
0.0420000000000014 2.62754261255137 -0.031418484707069 -0.0559359757846503
0.0430000000000013 2.72714988431811 0.0103081812191454 0.00473769450374971
0.0440000000000012 2.72485014154581 -0.0298128651585784 -0.0387821101555187
0.0450000000000011 2.84579774672371 -0.00723143141395682 0.0139581295778654
0.0460000000000014 2.89817365463458 0.016045273470716 -0.0133694565475862
0.0470000000000012 2.93633104495727 -0.0375943811691029 -0.0320550406187302
0.0480000000000011 3.01944148470321 0.0361363771644068 0.0312455411666865
0.0490000000000014 3.03392996730276 -0.0452165364608132 -0.0431700572473154
0.0500000000000013 3.14105950902782 0.0124519321944115 0.00918738122607446
0.0510000000000012 3.15822677547652 -0.0161441882853398 -0.0368211401360254
0.0520000000000014 3.29043243864449 0.0301762085020399 0.0272243303803766
0.0530000000000013 3.30338689861389 -0.0117411548962309 0.00931923909595208
0.0540000000000012 3.36160504981803 -0.0114580990201996 -0.0158243291004994
0.0550000000000015 3.44803323022705 0.0234844286845804 0.0352445582087216
0.0560000000000014 3.40903388270407 -0.0535223616887254 -0.0453604007489099
0.0570000000000013 3.54871247385563 0.0144210306675045 0.0682933463984921
0.0580000000000012 3.57611719898514 -0.0331020096920041 -0.0260754412133542
0.0590000000000014 3.64214313624243 0.042445667168007 -0.024298381955447
0.0600000000000013 3.72181174096134 0.0166848302780471 -0.0156261186354382
0.0610000000000012 3.72576323674106 -0.0323335095713623 -0.0185879544642073
0.0620000000000014 3.83464677914482 0.0181787199037103 0.0506203865123832
0.0630000000000013 3.86104277460695 -0.0368125991470628 -0.0261307295899197
0.0640000000000012 3.90408423400456 0.0184686454229198 0.0335566138042215
0.0650000000000011 3.9692979291901 0.0102245122302873 -0.0558208389923137
0.0660000000000014 4.02130548998911 0.0145815914325617 -0.00353853358695522
0.0670000000000013 4.06990737029306 -0.0114194472696563 0.00357539036897058
0.0680000000000012 4.16711884029383 -0.023090385082453 0.0088047631035376
0.0690000000000014 4.21907501496573 0.000897194154416722 0.0105242865570638
0.0700000000000013 4.23803710730387 0.028568819816505 -0.00463552112588709
0.0710000000000012 4.32907169919713 0.0132079632757123 -0.0228873325713234
0.0720000000000015 4.3953373333042 0.0108628763871284 0.0169418577840433
0.0730000000000013 4.41779321591525 -0.0224000491455113 -0.0135247857173085
0.0740000000000012 4.49286049377291 0.00304023791204133 -0.000442902046469335
0.0750000000000015 4.53649505517533 0.0281113464645798 0.00629058908373985
0.0760000000000014 4.58003844278725 -0.030409837539247 -0.0163817638852396
0.0770000000000013 4.68460851252896 0.0560174034330317 0.0735240120411254
0.0780000000000012 4.66649576520031 -0.0300956468137343 -0.0510002866427286
0.0790000000000014 4.77619560532706 0.0763273530862956 0.0478661119438591
0.0800000000000013 4.74355614232998 -0.0183197457282027 -0.0663679916352011
0.0810000000000012 4.90919940910771 0.0627854500896809 0.014818685265659
0.0820000000000015 4.91197945039692 0.0292318379734719 0.0174819811001468
0.0830000000000014 4.98273259281122 -0.0625209108718369 0.0257357379046678
0.0840000000000013 5.02629588525315 0.0190112030892861 0.0494642901248109
0.0850000000000012 5.05224438103881 -0.0511263895004559 -0.0354534697163072
0.0860000000000014 5.17324585364603 0.0878369614900705 -0.016029021022324
0.0870000000000013 5.17518435604368 0.00698017527029943 -0.0498956543358505
0.0880000000000012 5.24618490397038 -0.00331075146482648 0.0209321209695263
0.0890000000000014 5.32134362744549 -9.9744878871258e-05 0.014578887515849
0.0900000000000013 5.36062849807161 -0.0280307785966638 0.0133158847135482
0.0910000000000012 5.46087458989554 0.0358046076592228 0.0409263382698753
0.0920000000000015 5.46243555080029 -0.0284708450669548 -0.0383856845381772
0.0930000000000014 5.53882298027759 0.0197940810072366 -0.00116824062629055
0.0940000000000013 5.59523217104843 0.0204309563009668 -0.0106594625576336
0.0950000000000015 5.66007179359327 0.055635358919255 0.03318548369093
0.0960000000000014 5.66898001337405 -0.0314291883089991 0.00128744574078704
0.0970000000000013 5.78034827270366 0.0194517041037443 0.0253153046834646
0.0980000000000012 5.78535059391062 -0.00760009189198009 0.00604222631525361
0.0990000000000014 5.82916264163116 -0.00199936919858857 -0.00878954848641006
0.100000000000001 5.91221892371211 0.0492721200771662 0.0169223533352259
0.101000000000001 5.93899113337913 -0.00613642192521731 -0.0191937440252137
0.102000000000001 6.02441137880867 -0.00170524084428841 0.0158409794430769
0.103000000000001 6.0647906419099 -0.00366372942475582 -0.00383259003370907
0.104000000000001 6.14938736774845 0.0307234256097779 0.0209391960635771
0.105000000000001 6.17392237041114 0.000903480545998728 -0.0239924368560427
0.106000000000001 6.26768404145298 0.0176667466826829 0.0445932135392164
0.107000000000001 6.29719599453413 -0.00723085733104132 -0.0212612721522207
0.108000000000001 6.38507190697542 0.0204727747368691 0.0440600653681065
0.109000000000001 6.40729340822083 -0.0453171852746821 0.0332516203401207
0.110000000000001 6.4404219367689 0.000620271206136319 -0.0573442880296004
0.111000000000001 6.53058400311558 0.0757261202646016 0.0108810939398449
0.112000000000002 6.49140840364329 -0.0772661965101468 -0.064478824756085
0.113000000000001 6.63439941227581 0.0817738393527896 0.0614762872364202
0.114000000000001 6.63476895475248 -0.0414093428171854 -0.0338967567463897
0.115000000000002 6.72575922149521 0.0145037523631928 0.102123915953125
0.116000000000001 6.73009779978995 -0.045648347060009 -0.0350286098039823
0.117000000000001 6.82516251948993 0.0675164537684031 -0.0131114448125189
0.118000000000001 6.8062434741592 0.0259102922777569 -0.0233640179313829
0.119000000000001 6.92019572761544 -0.0118451320026818 0.00644291867313552
0.120000000000001 6.89107287053326 0.00225352472765918 0.0452428430696553
0.121000000000001 6.97916774253467 -0.0519634246312299 0.011514653261553
0.122000000000002 7.02473800655388 0.0173092941228144 0.00649138953701422
0.123000000000001 7.01175592456657 -0.000333761327732339 -0.0616627943738857
0.124000000000001 7.12005099993266 0.0104218038984385 0.0180362290062428
0.125000000000001 7.12373330558575 -0.0206182763306173 -0.0174344651532215
0.126000000000001 7.1924371278022 -0.000692581797411611 0.061543147743705
0.127000000000001 7.23752922683266 -0.0227152763847396 -0.0198224914198995
0.128000000000001 7.28105769893179 0.019266355144591 -0.0551536969462526
0.129000000000001 7.37277666706079 0.0543930131401977 0.0140087466754649
0.130000000000001 7.3501397869291 -0.0236296827763662 -0.0635005911751021
0.131000000000001 7.48346912735682 0.0319296237325356 0.0775669523740601
0.132000000000002 7.48501355651004 -0.0586740335412836 -0.0125035627513644
0.133000000000001 7.55084815104193 0.0402455765157327 0.0343815553473048
0.134000000000001 7.54617436910585 -0.0254920052504081 -0.021545465263021
0.135000000000002 7.62858428419011 0.0603270479655744 0.0457378115929002
0.136000000000001 7.61034579320339 -0.0185263856049507 -0.00639449028785084
0.137000000000001 7.70139742536096 0.0250170990071217 0.0349385668962276
0.138000000000001 7.7226954627451 -0.0351715448414941 -0.0486669014044075
0.139000000000002 7.74361709224191 0.00824637681105221 0.0415092884505235
0.140000000000001 7.76553230408884 0.00485842885817855 -0.0217296680781145
0.141000000000001 7.76255967601831 0.0332950278523036 -0.00037890651694381
0.142000000000002 7.7733942256546 0.0231892863971346 0.00425759516245626
0.143000000000001 7.8361581970374 0.012252035611524 -0.0220657121606335
0.144000000000001 7.93828501335678 0.0282085360859877 0.0527664188851865
0.145000000000001 7.94015382755683 -0.0491688233759841 -0.00583228446186428
0.146000000000001 7.94006093794841 -0.00769233026671313 -0.0291987530069688
0.147000000000001 7.91815652136356 -0.00873484780157151 0.000289624418597482
0.148000000000001 8.01611145635341 0.0259500741078498 -0.0188683467125611
0.149000000000002 8.01760502499643 0.0429645881228006 -0.0240119385462783
0.150000000000001 7.89708988958932 -0.0431493610821548 0.0325902882397549
0.151000000000001 7.77466853926396 -0.0303304983557293 0.0250831206610531
0.152000000000002 7.65712071487643 0.0321628316634047 0.0347619585459491
0.153000000000001 7.28445004971963 0.0142171699148408 -0.049982685326991
0.154000000000001 6.81734871547469 0.0081332216429865 0.0185879291213904
0.155000000000002 6.1758248243969 0.0441453795506435 -0.0347453214961654
0.156000000000001 5.43987764999628 -0.0583353311041632 0.0555656023551997
0.157000000000001 4.78331929872631 -0.00160259947039869 0.013430783998635
0.158000000000001 4.15548875072882 0.102162607022418 -0.052340371211525
0.159000000000002 3.60890397040641 0.00670441810762737 -0.0491978060365763
0.160000000000001 3.20281399601722 0.0197458706959738 0.0860902490205236
0.161000000000001 2.78275999733406 -0.0907323434509731 -0.0173414089904678
0.162000000000002 2.58001973629098 0.0279459795446745 -0.00114869116113052
0.163000000000001 2.42692514252729 0.00272902012791818 -0.0448301252316917
0.164000000000001 2.32328973342472 0.0916525845719475 -0.0290347155587665
0.165000000000001 2.23241682600831 -0.0872474356501696 0.00480818408856488
0.166000000000002 2.22410449484674 0.090644234845833 -0.0180484199517027
0.167000000000001 2.08907930495253 -0.0490167149058114 -0.0812448952918276
0.168000000000001 2.24268907159581 0.0725199595342826 0.187002434323884
0.169000000000002 2.20320043837288 -0.147207990737088 -0.0276549801836863
0.170000000000001 2.1644392461064 0.0988489432757395 0.0811517379086039
0.171000000000001 2.01514074362897 -0.0373028689685223 -0.0519269403371473
0.172000000000002 1.97557686235337 0.0259848223354188 0.0347312505584044
0.173000000000001 1.83264969348906 0.069926215829065 0.0413715492139804
0.174000000000001 1.68327119870137 -0.0495468267601379 -0.0965084208506319
0.175000000000002 1.68366301435678 -0.0602289679869168 0.0726640711932468
0.176000000000002 1.67669661766729 -0.0307848738609868 0.0254152131063897
0.177000000000001 1.6909553024793 0.014848788378737 -0.0133515517786178
0.178000000000001 1.75608338414874 0.029256802768174 0.0268116586104052
0.179000000000002 1.69714977870631 -0.0372643671507384 0.00027068549412757
0.180000000000001 1.68787108777046 0.0834571887305348 -0.0514734665752753
0.181000000000001 1.72352406695593 0.0662623512875826 -0.0338482218616961
0.182000000000002 1.56095286849946 -0.0738675911801604 0.00354792263587875
0.183000000000001 1.66592919836801 0.0890486130865596 0.0118696865789677
0.184000000000001 1.71165518019625 -0.0581077106004785 -0.0434350201188429
0.185000000000001 1.79670054285886 0.0267482866236908 0.0346663454990242
0.186000000000002 1.82145512578375 0.000263338127599011 0.0447250096850176
0.187000000000001 1.82669074437482 0.00919546424723813 -0.0171172882826023
0.188000000000001 1.86957998399318 0.0433945730576649 -0.0308650520846483
0.189000000000002 1.86403302636584 0.0231799233779493 0.0222591072491096
0.190000000000001 1.86836747672428 -0.0741423266974848 -0.00874896524954609
0.191000000000001 1.87076789942987 0.00688488303487144 0.0669929618260918
0.192000000000002 1.8321438706894 -0.072749898669005 0.0205080615727087
0.193000000000002 1.94687061470348 0.0774496975799343 -0.0524984660994637
0.194000000000001 1.88676765112817 0.112703316627756 -0.0175255534855896
0.195000000000002 1.80839160250099 -0.0707704089335692 -0.0716228326859088
0.196000000000002 1.88651804323193 -0.013557103338924 0.128999318750127
0.197000000000001 1.88843921847891 -0.0532486121309763 0.00614301563925636
0.198000000000001 2.01442430671007 0.0769731017558608 0.0117476392017532
0.199000000000002 1.90053281143057 0.00448456002352019 -0.101777698750861
0.200000000000001 1.9596620422844 0.0527423085720811 -0.0297749144577156
